111111111111111111111111111111111111111111111111111111111111
100000000000000000000000000001111111010001101011111111111111
100000000000000000000000000011110001000001000001000111111111
100000000000000001000000001111100000000011100000000000111111
100000000000000111111000001111000111111111110000000000011111
100000000000001100000000000110000100001011100000000000001111
100000000000001000111111111111110000001001101011100000000111
100000000000001000110101001010110000001000111111111000000011
100000000000011100100000000000010000001000100000001000000001
100001111111110110110101001010110000001000001010101000000001
100001000000010010100000000000010000001000000000000000000001
100001000000010010101010000101010000011100001010101000010001
100001000000010010100001001000010000010000000000001000100001
100001000000010000110100000010110000011000001010101010000101
100001000000010000100001001000010000111111100000001101001011
100001000000010010101000000001010000100000111111111000000001
100001000000010011100000000000010000101110010000101000000101
100001000111110001111110000111110000101000000110101010000001
100001000100000001000010000100000000101111011100101000000001
100000000100000001000010000100000000100001010001101000000001
100000000111111111000011001100000011101101010111001000000101
100001100000000000000000000000000000001001010100011001000001
100001100000000000000000000000000011101011010101010000010001
100001100000000000000000000000000000101011110111010000000001
100001100111111100111110000111110000101000010000010100000001
100000000010001000100010000100010000101111011111010000010101
100000000010001000100110000110010000100001010001010000000101
100001100000000000100000000000010000111101010100010100010001
100001100000000000100000000000010000110001010001010101010101
111111100000000000110000000000110000110111011111011101010101
111111100000000000100000000000010000110100011111000001010101
111111100101010100110000000000110000110101110001111111111111
111111100000000000100000000000010000110000000111111111111111
111111111111111111111111111111111111111111111111111111111111
000000000000000000000000000000000000000000000000000000000000
000000000000000000000000000000000000000000000000000000000000
